<<<<<<< Updated upstream
ascendente 30 25 23 20 8 32 25 23 20 34 49 7 
ascendente 30 25 23 20 8 32 25 23 20 34 49 7 3 1 
=======
ascendente 10 6 12 6 11 6 27 25 23 20 
>>>>>>> Stashed changes
ascendente 30 25 23 20 8 32 25 23 20 34 49 7 3 1 
ascendente 27 25 27 24 23 20 32 25 23 20 18 17 4 3 1 
ascendente 27 25 23 27 25 21 20 32 25 23 20 18 17 4 3 1 
ascendente 27 25 27 24 23 20 13 5 27 25 22 20 27 25 23 20 18 17 4 3 1 1 
ascendente 27 25 27 24 27 24 27 24 23 20 13 5 3 1 
ascendente 27 25 23 27 25 21 20 13 5 3 1 
ascendente 10 6 27 25 22 20 27 25 27 24 23 20 18 17 4 3 1 1 
ascendente 32 25 23 20 32 25 23 20 18 17 4 3 1 
ascendente 42 40 10 47 44 39 49 38 3 2 
ascendente 27 25 23 20 16 5 27 25 23 20 16 5 27 25 23 20 15 5 3 1 1 1 
ascendente 27 25 23 20 16 5 27 25 23 20 16 5 27 25 23 20 13 5 27 25 23 20 15 5 3 1 1 1 1 
ascendente 27 25 22 20 13 5 3 1 
ascendente 10 6 12 6 11 6 3 1 1 1 
ascendente 10 6 3 1 
ascendente 10 6 12 6 11 6 27 25 23 20 13 5 3 1 1 1 1 
ascendente 30 25 23 20 8 32 25 23 20 34 49 7 3 1 
